0.000606  2.028008
0.001466  4.705449
0.002167  6.856945
0.003181  8.016556
0.004320  8.713296
0.005303  9.999906
0.006226  12.329965
0.007150  15.307940
0.007952  19.587585
0.008623  22.367025
0.009459  27.544442
0.010259  31.219248
0.011157  35.923021
0.011576  38.695350
0.012281  42.358562
0.012985  45.433052
0.013528  47.475928
0.014195  48.861245
0.014892  49.401465
0.015838  48.826214
0.016499  48.139896
0.017318  47.122315
0.018677  47.364634
0.019375  48.418725
0.019854  50.257565
0.020684  53.101837
0.021513  55.684224
0.022344  59.097295
0.023078  61.677317
0.023684  63.685851
0.024512  66.123425
0.025467  68.546777
0.026579  70.760505
0.027276  71.470138
0.028509  71.495391
0.029649  72.548519
0.030787  72.707545
0.031831  73.255845
0.032908  74.054423
0.033955  75.742722
0.034941  77.813571
0.036056  80.945689
0.036788  82.777613
0.037584  85.170002
0.038667  87.909468
0.039462  89.914377
0.040354  92.347765
0.041468  95.131271
0.042894  96.489727
0.044065  97.117635
0.045648  98.201132
0.046915  99.253188
0.047928  99.892475
0.049479  100.720347
0.050336  102.248363
0.051512  104.610560
0.052690  107.340908
0.053453  108.993954
0.054437  110.679690
0.055389  111.993090
0.056468  113.660591
0.057546  114.704323
0.058751  116.039185
0.059862  117.815950
0.061037  119.765585
0.062181  121.961668
0.063229  123.610499
0.063992  125.171335
0.064849  126.593667
0.065928  127.982552
0.066910  128.767531
0.067794  128.643782
0.068836  128.436693
0.070036  128.024253
0.071205  127.800518
0.072502  128.353494
0.073518  129.859819
0.074409  132.051487
0.075047  134.032326
0.075874  135.860832
0.076671  138.055903
0.077309  139.967472
0.078073  141.917868
0.078773  143.571548
0.079410  145.111442
0.080172  146.265747
0.081251  147.791866
0.082514  147.349372
0.084094  147.340853
0.085072  146.884231
0.086243  147.302169
0.086877  147.984681
0.087670  149.122380
0.088623  150.773452
0.089260  152.112589
0.089928  153.564789
0.090621  152.910715
0.091580  156.350458
0.092598  158.635412
0.093582  160.024059
0.094690  160.731069
0.096050  160.915586
0.096936  161.299922
0.098169  161.564045
0.099278  162.384231
0.100324  163.391540
0.101117  164.203428
0.102035  164.932503
0.103271  166.018829
0.104128  167.169636
0.105016  168.194515
0.106063  169.484303
0.107047  170.841635
0.108032  172.431868
0.109048  173.836338
0.109874  175.273039
0.110827  176.918686
0.111781  178.737004
0.112542  179.590794
0.113621  180.851598
0.114477  181.683659
0.115935  183.158256
0.116918  183.903092
0.118027  184.971636
0.119041  185.764802
0.119803  186.664332
0.120722  187.531001
0.121706  188.732114
0.122529  189.381568
0.123480  190.004491
0.124683  190.691107
0.125982  191.819694
0.127153  192.161416
0.128327  193.483693
0.129308  193.976217
0.130166  195.358070
0.130831  195.970309
0.131784  197.213334
0.132767  198.274687
0.133465  199.163789
0.134447  199.647226
0.135428  200.244233
0.136787  200.129914
0.137961  201.370803
0.139007  202.349837
0.139927  203.467741
0.140849  205.039601
0.141738  206.273468
0.142627  207.504901
0.143357  208.370436
0.144150  209.220825
0.144626  209.798450
0.146080  209.989228
0.147251  210.128425
0.148582  211.250639
0.149406  212.086385
0.150201  213.435977
0.151058  214.430521
0.152200  215.866447
0.152899  216.723418
0.154071  217.583653
0.154988  217.543606
0.156092  216.842534
0.157480  216.078476
0.158586  215.772364
0.159727  216.746425
0.160489  217.916313
0.161061  218.792440
0.161665  219.660211
0.162204  220.262443
0.163220  221.702258
0.164108  222.611433
0.165277  222.450742
0.166320  222.319616
0.167805  221.919127
0.169073  223.067335
0.169836  224.496879
0.170727  226.115683
0.171394  227.231056
0.172093  228.281915
0.173076  228.931941
0.174119  229.124129
0.175985  229.229198
0.177282  229.414213
0.178204  231.007513
0.179032  232.950003
0.179701  234.324493
0.180560  235.979311
0.181197  237.412039
0.181928  238.600326
0.182751  238.942954
0.183636  238.832155
0.185086  237.707142
0.186317  237.020769
0.187141  237.743432
0.187903  238.643599
0.188762  240.062107
0.189491  240.912391
0.190158  241.614380
0.191300  242.737938
0.191997  243.266602
0.192660  243.098703
0.194144  242.507169
0.195406  241.648498
0.196925  242.075948
0.198002  242.720938
0.199081  243.902156
0.199876  245.152929
0.200670  246.294223
0.201685  247.430278
0.202572  247.953290
0.203712  248.463431
0.205387  248.298628
0.206272  248.177231
0.207316  248.388617
0.208424  248.849380
0.209567  250.152284
0.210109  251.502183
0.210715  252.940440
0.211416  254.564216
0.212087  256.671981
0.212692  257.732413
0.213674  258.530826
0.214338  258.458900
0.215442  257.739232
0.215976  256.643721
0.217077  255.187216
0.218118  254.225250
0.219163  254.741025
0.219766  255.530677
0.220465  256.610051
0.220975  257.738487
0.221834  259.245472
0.222470  260.284115
0.223167  260.779229
0.223925  260.469273
0.224871  259.794160
0.225692  259.311122
0.226548  260.076085
0.227310  260.969765
0.227945  261.843962
0.228612  262.499575
0.229086  262.474992
0.229650  261.120536
0.230025  259.662243
