0.000882  10.294350
0.001475  7.788384
0.002102  6.005954
0.003458  5.195918
0.004661  6.352233
0.005518  7.643195
0.006191  11.220883
0.006896  14.597204
0.007472  17.320547
0.008083  21.082267
0.009107  25.930871
0.009560  29.752819
0.010104  32.201459
0.010778  35.811186
0.010945  39.117155
0.011493  42.985829
0.011910  45.105225
0.012457  48.642518
0.012843  51.213385
0.013388  53.771878
0.014025  55.867736
0.014661  57.248938
0.015233  58.438730
0.016088  59.219026
0.017193  58.882260
0.018138  57.783268
0.019114  56.555260
0.019933  55.790893
0.020974  55.334562
0.022083  56.288350
0.022846  58.034314
0.023580  60.549652
0.024281  62.614909
0.024951  64.935873
0.025335  66.763908
0.025656  68.531549
0.026392  71.607724
0.027316  74.279511
0.028049  76.643801
0.028845  78.679795
0.030082  80.289273
0.031191  81.269898
0.032395  82.430067
0.033503  83.405820
0.034579  84.001682
0.035656  84.913050
0.036828  86.003026
0.038033  87.276893
0.039237  88.421272
0.040221  89.963630
0.041362  91.360598
0.042631  93.118671
0.043616  94.776626
0.044759  96.728199
0.045871  98.804115
0.046857  100.952142
0.047906  103.276487
0.048925  105.849640
0.049753  108.252716
0.050643  109.957284
0.051915  112.734369
0.052900  114.543766
0.054171  116.935256
0.055217  117.857941
0.056261  118.344080
0.057808  117.957439
0.059355  117.509905
0.060682  117.215523
0.062167  117.395026
0.063595  119.430642
0.064580  121.088006
0.065470  122.877692
0.066173  125.550366
0.066970  127.898951
0.068179  130.614975
0.069416  132.155651
0.070115  133.464138
0.071476  134.123629
0.072992  133.781405
0.074286  133.166962
0.075770  132.709383
0.076941  133.270945
0.078399  134.639826
0.079573  136.349502
0.080495  138.213826
0.081384  139.655627
0.082495  141.182096
0.083541  142.110684
0.084680  142.720896
0.085565  142.826045
0.086798  142.757065
0.088535  142.610256
0.090178  142.238174
0.091222  142.857686
0.092521  143.795974
0.093631  145.179628
0.094774  146.913338
0.095600  148.335318
0.096521  149.560763
0.097001  151.570439
0.098143  153.171501
0.099224  155.016972
0.099891  156.332983
0.100623  157.992863
0.101448  159.040677
0.102399  159.887366
0.103633  160.446631
0.105182  160.536404
0.106256  160.175241
0.107488  160.200657
0.108784  160.273734
0.109862  161.325477
0.111004  162.716426
0.111766  163.583175
0.112718  164.825873
0.113606  166.077164
0.114653  167.298063
0.115541  168.252056
0.116365  168.806461
0.117693  169.093796
0.119021  169.321689
0.120128  169.646802
0.121458  170.163723
0.123103  170.911835
0.124307  171.737719
0.125354  172.879937
0.126525  173.475524
0.128045  174.409729
0.129282  175.855030
0.130455  177.020350
0.131343  177.833249
0.132166  178.138863
0.133021  178.725184
0.134383  179.616290
0.135932  179.895256
0.137514  180.166952
0.139317  180.680740
0.140489  181.427302
0.141946  182.345016
0.143054  183.099296
0.144132  183.971534
0.145177  184.620704
0.146126  184.946585
0.147581  185.059430
0.148844  184.925807
0.149855  184.671942
0.151247  184.909004
0.152546  185.952654
0.153658  187.762628
0.154484  189.062695
0.155628  190.971315
0.156644  192.339654
0.157754  193.349281
0.158926  194.063523
0.160347  193.661435
0.162210  193.281707
0.163442  193.031182
0.164961  193.391213
0.166038  194.173652
0.167021  195.084624
0.167878  196.352718
0.168956  197.184534
0.170096  197.668834
0.171298  198.083253
0.172437  198.343923
0.173892  198.592912
0.175535  198.415620
0.176799  198.482365
0.178034  198.939851
0.179333  199.821594
0.180569  200.988109
0.181458  202.006162
0.182664  203.337708
0.183773  204.194475
0.184658  204.387129
0.185608  204.620248
0.187249  204.050328
0.188733  203.515343
0.189967  203.741115
0.191078  205.131904
0.191968  206.458792
0.192763  207.966256
0.193748  209.375450
0.194448  210.736355
0.195398  211.283299
0.196662  211.165817
0.197860  210.308137
0.199185  209.532131
0.200260  209.565271
0.201371  210.771979
0.202228  211.978163
0.202865  213.285049
0.204102  214.455524
0.205179  215.070300
0.206221  214.729216
0.207040  213.851111
0.208140  212.058046
0.209273  210.687694
0.210662  210.062401
0.211329  210.820020
0.212094  212.670657
0.213080  214.680958
0.213687  216.295746
0.214420  217.985715
0.215436  219.449181
0.216166  220.075939
0.217205  219.097004
0.218242  217.064389
0.219151  215.064112
0.220126  213.421986
0.221358  213.252504
0.222342  214.453475
0.223236  216.828281
0.223809  218.221425
0.224513  220.475495
0.225435  221.993803
0.226199  223.493620
0.226988  223.204999
0.227680  222.049982
0.228560  220.643983
0.229154  218.783280
0.230191  216.981035
0.230851  215.736497
0.231860  215.040288
0.233000  215.617049
0.233795  217.153968
0.234592  218.895912
0.235515  220.657704
0.236057  221.830151
0.236849  222.424528
0.238270  222.095111
0.239814  220.652303
0.241109  220.096644
0.242155  220.990922
0.242854  221.963627
0.243902  223.162715
0.244662  223.808731
0.245201  224.197134
0.246212  224.063800
0.247567  222.568254
0.248699  220.973746
0.249771  220.215134
0.250597  221.201779
0.251329  222.770043
0.252062  224.335976
0.252699  225.717870
0.253306  227.258214
0.253878  228.294929
0.254417  228.727246
0.255176  228.597632
0.255769  226.523552
0.256455  224.023351
0.256891  222.092468
