0.001359  0.377285
0.001554  2.145869
0.002193  4.627749
0.002641  6.979049
0.003308  8.079505
0.004227  9.303977
0.005338  11.110006
0.005913  13.317185
0.006679  16.169124
0.007349  18.563195
0.007735  21.158931
0.008124  24.534539
0.008511  27.386496
0.008992  29.841626
0.009663  32.611286
0.010080  34.868966
0.010528  36.668236
0.011164  38.456321
0.011642  39.860809
0.012435  40.987668
0.013382  40.678338
0.014265  40.049088
0.015305  39.089385
0.016440  38.449946
0.017579  38.844575
0.018371  39.642925
0.019039  41.155531
0.019612  42.735647
0.020249  44.760953
0.021046  47.096003
0.021779  49.559697
0.022197  51.975674
0.023151  54.289936
0.023977  55.710599
0.024959  56.669578
0.025940  57.306617
0.026953  58.004096
0.028157  59.197613
0.029076  60.089675
0.030059  61.294147
0.030758  62.644642
0.031520  64.052114
0.032536  65.755782
0.033139  66.725973
0.033902  68.253826
0.034696  69.713309
0.035488  70.536545
0.036376  71.477232
0.037232  72.545418
0.038687  73.118295
0.039732  74.103094
0.040840  74.765023
0.041822  75.562389
0.042742  76.929990
0.043472  77.997649
0.044361  79.614854
0.045030  81.186839
0.045921  83.614053
0.046844  85.720435
0.047701  87.140366
0.048622  88.864254
0.049384  90.100957
0.050367  91.312988
0.051475  92.010369
0.052709  92.443735
0.053877  92.011278
0.055170  91.255925
0.056338  90.763583
0.057664  90.566162
0.058771  90.701236
0.059846  91.148419
0.060798  92.534559
0.061878  94.275111
0.062831  96.025278
0.063846  97.518815
0.064513  98.616436
0.065402  100.118718
0.066006  101.342907
0.066769  102.854801
0.067722  104.465059
0.069022  105.908880
0.070193  106.690347
0.071271  107.909163
0.072410  108.384694
0.073866  109.065002
0.075290  109.625020
0.076492  110.027654
0.077788  110.417591
0.078896  111.072240
0.080194  111.883859
0.081430  112.822037
0.082476  113.902360
0.083521  114.678231
0.084568  116.055867
0.085582  117.133120
0.086723  118.131448
0.087579  119.044094
0.088593  120.054611
0.089354  120.736037
0.090209  121.583777
0.091445  122.619121
0.092648  123.476401
0.093661  123.878774
0.094863  124.135005
0.096096  124.505558
0.097330  124.994186
0.098090  125.486506
0.099136  126.414831
0.100213  127.336790
0.101005  128.058629
0.101862  129.067021
0.102877  130.347513
0.103766  131.820961
0.104654  132.759360
0.105699  133.614079
0.106460  134.153989
0.107726  134.796381
0.109336  134.385382
0.110725  133.948637
0.111892  133.133742
0.112934  132.807877
0.114008  132.595133
0.115115  132.963463
0.116003  133.947488
0.116955  135.270804
0.117780  136.376757
0.118448  137.737440
0.119337  139.121478
0.120226  140.386385
0.120956  141.323958
0.122129  142.483092
0.123205  143.015357
0.124500  142.932364
0.125731  142.453776
0.127087  141.262978
0.128286  140.792038
0.129391  140.393980
0.130561  140.736318
0.131798  141.873721
0.132590  142.616054
0.133573  143.787612
0.134526  145.133712
0.135414  146.143010
0.136270  146.983526
0.137156  147.474020
0.139086  147.912704
0.140474  147.236272
0.141959  147.059269
0.143412  146.773700
0.144678  147.370649
0.145755  148.279610
0.146675  149.268361
0.147690  150.523246
0.148515  151.466476
0.149435  152.562291
0.150544  153.399005
0.151937  154.130436
0.153424  154.562254
0.154563  155.106193
0.156112  155.187351
0.157567  155.564034
0.158549  156.298226
0.159658  157.121674
0.160578  158.030850
0.161687  158.906119
0.162858  159.545405
0.163840  160.048139
0.165294  160.079146
0.166841  159.704670
0.167819  159.038784
0.169776  158.319822
0.171356  158.109276
0.172368  158.381338
0.173635  159.382862
0.174650  160.424564
0.175602  161.695210
0.176459  162.539411
0.177792  164.179290
0.178679  164.848909
0.179788  165.697877
0.181306  166.143559
0.182603  166.298388
0.184215  166.233019
0.185604  165.933743
0.186869  166.201750
0.188072  166.534411
0.189053  166.905094
0.190478  167.684942
0.192153  167.929622
0.193766  167.967814
0.195123  167.618363
0.196544  167.150429
0.198093  167.253622
0.199295  167.525279
0.200500  168.440679
0.201545  169.274745
0.202371  170.307444
0.203229  171.707670
0.204309  173.279031
0.204976  174.280852
0.205673  174.687415
0.206561  175.699145
0.207510  175.950227
0.208554  176.023190
0.210067  174.943532
0.211645  174.067571
0.213160  173.470813
0.214394  174.092983
0.215473  175.060055
0.216077  176.112961
0.216871  177.234655
0.217602  178.472098
0.218428  179.584076
0.219317  180.787589
0.220237  181.666666
0.221753  181.376757
0.223108  180.172109
0.224840  178.217242
0.225847  176.927505
0.227236  176.668482
0.228565  176.891621
0.229516  177.654421
0.230342  178.960768
0.231358  180.333048
0.232343  181.760369
0.233357  182.346901
0.234716  182.397955
0.235726  181.789152
0.236702  180.721156
0.237646  179.712663
0.238654  178.642432
0.240075  178.220306
0.241152  178.741031
0.241881  179.480603
0.242423  180.667161
0.243124  182.285404
0.243919  183.728725
0.244588  185.091330
0.245163  186.676165
0.245894  187.817213
0.246688  188.841338
0.247449  189.562435
0.248681  189.471122
0.249500  188.745197
0.250381  187.599002
0.251641  186.176251
0.252650  185.468776
0.253944  184.911119
0.255337  185.505833
0.255878  186.621052
0.256545  187.456225
0.257340  188.772754
0.258134  189.681335
0.259054  190.613784
0.260036  191.329231
0.261079  191.170759
0.262180  189.888687
0.263220  188.823399
0.264351  186.985597
0.265708  186.417284
0.266815  186.552982
0.267735  187.428525
0.268498  188.584454
0.269390  190.615928
0.270091  192.030505
0.270760  193.449421
0.271650  194.721128
0.272253  195.548776
0.273108  195.873786
0.274746  194.340345
0.275437  193.152260
0.276349  191.722169
0.277103  190.624553
0.278175  189.813714
0.279155  189.817565
0.279981  190.745850
0.280617  191.908819
0.281316  192.859222
0.282078  193.844991
0.283091  194.282964
0.283785  193.795731
0.284729  192.566570
0.285356  191.156171
0.285824  189.433536
0.286261  188.014564
0.287238  187.181363
0.287903  187.543532
0.288570  188.347768
