 1.489011E-03  12.33213 
 2.012595E-03  14.76947 
 2.571384E-03  16.44032 
 3.060585E-03  17.80549 
 3.619961E-03  18.86294 
 4.144661E-03  19.76753 
 4.669637E-03  20.51874 
 5.194889E-03  22.48722 
 5.720417E-03  23.9971 
 6.211161E-03  25.04997 
 6.737223E-03  25.0368 
 7.263548E-03  26.23905 
 7.790179E-03  27.74378 
 8.317087E-03  29.39877 
 8.809085E-03  30.59786 
 9.301326E-03  31.64417 
 9.864256E-03  31.17173 
 1.025137E-02  33.43195 
 1.229525E-02  36.84066 
 1.423732E-02  40.84289 
 1.625399E-02  43.62144 
 1.827467E-02  48.19187 
 2.026392E-02  50.49569 
 .0222928  54.584 
 .0242544  57.61386 
 2.625559E-02  60.33118 
 2.818911E-02  63.4879 
 .0301982  67.22124 
 3.224735E-02  69.45463 
 3.419251E-02  73.16503 
 3.628596E-02  76.2589 
 3.827516E-02  78.4641 
 .0402684  81.83588 
 4.222923E-02  84.46317 
 4.423038E-02  87.07634 
 4.623545E-02  89.38608 
 4.831777E-02  92.69987 
 5.025787E-02  94.12112 
 .0522384  97.8567 
 5.422287E-02  99.25741 
 5.621129E-02  101.9538 
 5.820367E-02  104.783 
 6.020002E-02  107.8883 
 6.220037E-02  109.2546 
 6.420473E-02  112.1935 
 6.617585E-02  114.4076 
 6.818827E-02  116.4649 
 7.016727E-02  119.3733 
 7.222516E-02  121.2636 
 7.421255E-02  123.2963 
 7.620344E-02  125.32 
 7.819829E-02  128.1841 
 8.027288E-02  130.1781 
 8.227587E-02  132.3136 
 8.424488E-02  133.6015 
 8.621776E-02  136.5674 
 8.823349E-02  137.6932 
 9.021427E-02  140.637 
 9.219898E-02  142.5911 
 9.418841E-02  143.5611 
 9.618103E-02  145.4993 
 9.817763E-02  147.2902 
 .1002169  150.0361 
 .1022223  151.2561 
 .104231  153.4342 
 .106166  155.6145 
 .1081835  157.224 
 .1101652  158.2832 
 .1121907  160.836 
 .1142196  162.2852 
 .1162133  164.278 
 .1181725  165.1801 
 .1201741  167.8357 
 .12222  168.4408 
 .1241902  169.8668 
 .1261651  172.229 
 .1281828  173.7669 
 .1302452  175.4242 
 .1321913  176.9606 
 .1341421  178.6233 
 .1361768  179.0618 
 .1381747  181.3696 
 .1401774  181.8051 
 .1421431  184.1038 
 .1441537  185.3233 
 .146128  186.9414 
 .1481864  188.2729 
 .1501281  188.9613 
 .1521956  190.28 
 .154185  192.1316 
 .1562201  192.6574 
 .1581774  194.8931 
 .1601796  195.1556 
 .1621448  197.2445 
 .1641541  197.6281 
 .1661683  199.5631 
 .1682279  200.9635 
 .170126  201.6152 
 .1721523  202.8823 
 .1741403  204.665 
 .1761747  205.2756 
 .1781715  206.2755 
 .1801305  207.9167 
 .1821353  208.7756 
 .184144  209.8847 
 .186199  210.597 
 .1881737  212.0835 
 .1902361  212.7851 
 .1922197  214.0054 
 .1941216  214.8589 
 .1961121  215.4379 
 .1981491  216.3799 
 .2001477  218.2037 
 .2021502  218.2667 
 .2040711  219.2211 
 .2061244  221.0128 
 .208182  221.9251 
 .2101576  222.2315 
 .2121371  223.278 
 .2141214  224.5652 
 .2162381  225.446 
 .2181001  225.6422 
 .220139  227.2701 
 .2220511  227.694 
 .2240552  228.9508 
 .2261062  229.5802 
 .2281175  230.4585 
 .230133  230.6028 
 .2321524  232.3212 
 .2340886  232.1138 
 .2361161  233.6991 
 .2381033  233.8375 
 .240051  235.1883 
 .2420461  235.4406 
 .2440452  236.1691 
 .2460939  237.4806 
 .2485921  238.3208 
 .2506502  238.7837 
 .2525766  239.0377 
 .2545527  240.3456 
 .2565318  240.9359 
 .2585601  241.157 
 .2605481  242.4472 
 .2625391  242.4352 
 .264535  243.3619 
 .266534  244.048 
 .2685379  244.3785 
 .2705449  245.8733 
 .272511  246.3226 
 .274527  247.3388 
 .2765921  247.8729 
 .2785701  248.0783 
 .2805511  248.6276 
 .282537  249.1726 
 .2845723  250.048 
 .2865662  250.6988 
 .2886097  251.2189 
 .2906117  252.0902 
 .2925708  252.7388 
 .2945338  252.6987 
 .2965467  253.3288 
 .2985175  253.8518 
 .3004922  255.2773 
 .3024709  254.8857 
 .3044998  256.0621 
 .3064864  256.7935 
 .3084769  257.2945 
 .3104714  257.6794 
 .3124689  258.0609 
 .3144714  258.5502 
 .3164299  259.1594 
 .3184403  259.6414 
 .320502  259.6614 
 .3224724  261.0346 
 .324495  261.0607 
 .3264733  261.0971 
 .3285041  262.3304 
 .3304903  262.2493 
 .3325292  263.1422 
 .3345713  264.0294 
 .3365697  263.9391 
 .3385229  265.0605 
 .3405292  264.8564 
 .3424903  265.3152 
 .3445539  265.9608 
 .3465229  266.8448 
 .3484957  266.9671 
 .3504725  267.3022 
 .3524542  267.3103 
 .3544876  268.5923 
 .3565761  268.2469 
 .3586189  269.517 
 .3605657  269.4192 
 .3624169  269.7739 
 .3644214  270.7212 
 .3664299  270.7087 
 .3683414  271.3561 
 .3704085  271.2189 
 .3724291  272.3587 
 .3744549  272.7545 
 .3764836  272.6222 
 .3784656  273.5501 
 .3804514  273.9488 
 .3824924  273.7031 
 .3843846  274.7487 
 .3863823  274.6168 
 .3883839  275.209 
 .3904929  275.8723 
 .392451  276.3661 
 .3944659  276.1189 
 .3964318  276.5031 
 .3984537  277.3831 
 .4004807  277.1296 
 .4025631  277.985 
 .4044926  278.3689 
 .4063745  278.3547 
 .4084167  279.3128 
 .4104103  278.9594 
 .4124089  279.4162 
 .4144105  280.3743 
 .4164171  280.1147 
 .4184268  280.8618 
 .4203872  281.2163 
 .4224059  281.6521 
 .4243208  281.8142 
 .426401  282.2275 
 .4284308  282.4537 
 .4303583  282.3074 
 .4323962  283.1233 
 .4344382  282.9417 
 .4363773  283.2846 
 .4384286  284.1841 
 .4403744  284.0262 
 .4423796  284.9323 
 .4443331  284.7683 
 .4464008  285.6492 
 .4484169  285.9542 
 .4503834  285.8796 
 .4524625  286.2599 
 .454437  286.7635 
 .4564705  287.0534 
 .4584518  287.066 
 .4603827  287.0919 
 .4624284  287.7576 
 .4643659  288.3552 
 .4663641  288.0673 
 .468422  288.6251 
 .4703711  288.6369 
 .4723813  289.2019 
 .4744517  289.842 
 .476469  289.5427 
 .4783787  289.5596 
 .480405  290.3934 
 .4824355  290.8432 
 .4843566  290.9451 
 .4862803  291.1387 
 .4883228  291.7658 
 .4903694  291.7318 
 .492363  291.2443 
 .4943594  291.8771 
 .4964185  292.6742 
 .4983667  293.127 
 .5003763  293.4662 
 .50239  293.1541 
 .5043499  294.0588 
 .5063137  294.3119 
 .5082813  294.0093 
 .5103098  294.1484 
 .5122282  293.8602 
 .5143232  294.5265 
 .5163066  294.8559 
 .5184113  295.056 
 .5202853  295.868 
 .5222217  296.2947 
 .52428  296.0475 
 .5262833  296.721 
 .5283499  297.0105 
 .5303019  296.9718 
 .5322579  297.5601 
 .534158  297.9817 
 .5361812  297.7379 
 .5382085  298.4751 
 .54018  298.5108 
 .5422755  298.5977 
 .544255  298.8958 
 .5462988  298.906 
 .5482863  299.6393 
 .5503383  299.3777 
 .5523946  300.0841 
 .5542738  299.8727 
 .5563381  300.4821 
 .5582846  300.2484 
 .5602348  300.4499 
 .5623116  301.1349 
 .5643312  300.8758 
 .566233  301.3463 
 .5683222  301.3243 
 .5701686  301.8072 
 .572328  302.2782 
 .5743059  302.4564 
 .5762889  302.2875 
 .5782747  302.8039 
 .5802643  302.8017 
 .582258  303.2242 
 .5842569  303.6429 
 .5863842  303.8489 
 .5883272  304.0237 
 .5903369  304.3466 
 .5922889  304.0913 
 .5943067  304.6611 
 .5962651  304.7394 
 .5982923  304.6273 
 .6002585  305.1207 
