#308 m/s impact of 1.78 mm thick copper 
#on 4 mm thick copper
#ofhc 99.99% pure annealed.
#taken from thomas j. dyn. behav. mat. 2016 2:365-371
#time [microseconds] velocity[m/s]
0.8247422680412371  0.0
0.831615120274914  4.294478527607362
0.8384879725085911  6.134969325153374
0.8487972508591065  7.975460122699387
0.865979381443299  11.042944785276074
0.8900343642611683  12.883435582822086
0.9037800687285223  15.337423312883436
0.9209621993127148  17.791411042944784
0.9278350515463918  20.245398773006134
0.9347079037800687  25.153374233128833
0.9415807560137457  29.447852760736197
0.9450171821305842  36.19631901840491
0.9484536082474226  44.171779141104295
0.9484536082474226  50.920245398773005
0.9518900343642611  56.441717791411044
0.9518900343642611  69.93865030674847
0.9553264604810997  113.49693251533742
0.9553264604810997  157.66871165644173
0.9587628865979382  199.38650306748465
0.9587628865979382  236.19631901840492
0.9621993127147767  265.6441717791411
0.9690721649484536  282.82208588957053
0.9759450171821306  288.95705521472394
0.979381443298969  293.2515337423313
0.993127147766323  295.70552147239266
1.006872852233677  298.159509202454
1.0309278350515463  298.7730061349693
1.0687285223367697  299.3865030674847
1.1134020618556701  300.0
1.147766323024055  300.6134969325153
1.1821305841924399  300.0
1.2164948453608249  299.3865030674847
1.261168384879725  300.6134969325153
1.302405498281787  301.2269938650307
1.3676975945017182  301.2269938650307
1.4158075601374571  300.0
1.463917525773196  300.6134969325153
1.4914089347079038  300.6134969325153
1.5154639175257731  300.0
1.5395189003436425  298.159509202454
1.563573883161512  294.47852760736197
