 3.229205E-03  16.14865 
 3.694117E-03  17.45132 
 4.159252E-03  18.73171 
 4.696212E-03  20.18132 
 5.161806E-03  21.41355 
 5.699305E-03  22.80753 
 6.201232E-03  24.08162 
 6.73929E-03  25.41781 
 7.205844E-03  26.55161 
 7.744443E-03  27.83182 
 8.211459E-03  28.82758 
 .0086787  29.87998 
 9.110188E-03  30.80516 
 9.649799E-03  31.9493 
 1.008169E-02  32.89164 
 1.062186E-02  34.03344 
 1.112631E-02  35.06671 
 1.166697E-02  36.16325 
 1.264099E-02  38.11191 
 1.455576E-02  41.89372 
 1.658286E-02  45.7247 
 .0185052  49.24537 
 2.050392E-02  52.82774 
 2.254312E-02  56.38127 
 2.447697E-02  59.70261 
 2.648767E-02  63.08094 
 2.846579E-02  66.29105 
 3.044783E-02  69.45025 
 3.250751E-02  72.65804 
 3.446067E-02  75.6596 
 3.649164E-02  78.69001 
 3.860074E-02  81.81475 
 4.052877E-02  84.65861 
 4.264649E-02  87.68002 
 4.465687E-02  90.49515 
 .0466713  93.27959 
 4.868979E-02  96.06398 
 5.067492E-02  98.76445 
 5.277665E-02  101.5233 
 5.480752E-02  104.1807 
 5.684252E-02  106.8485 
 5.891951E-02  109.5397 
 6.088715E-02  112.0668 
 .0630484  114.7669 
 6.510026E-02  117.2659 
 6.715633E-02  119.7889 
 6.925488E-02  122.3442 
 7.124297E-02  124.7155 
 7.342683E-02  127.265 
 7.546163E-02  129.6427 
 7.753915E-02  132.0646 
 7.977506E-02  134.6113 
 8.186156E-02  136.9335 
 8.383659E-02  139.1429 
 8.581474E-02  141.3348 
 8.771954E-02  143.4275 
 8.966709E-02  145.5218 
 9.161764E-02  147.5989 
 .0935728  149.6762 
 9.553099E-02  151.7303 
 9.749382E-02  153.7735 
 9.942104E-02  155.7088 
 .1015885  157.849 
 .103484  159.7723 
 .1055412  161.8102 
 .1074044  163.61 
 .1093907  165.5159 
 .11146  167.473 
 .1133743  169.2839 
 .115452  171.231 
 .1173337  172.9649 
 .1193399  174.8047 
 .1214299  176.6771 
 .1233634  178.4221 
 .125462  180.2648 
 .1274845  182.0138 
 .1294704  183.747 
 .131541  185.5186 
 .1335351  187.1621 
 .1355732  188.8144 
 .1376163  190.4836 
 .1396225  192.1209 
 .1419193  193.9149 
 .1440167  195.54 
 .1459945  197.0441 
 .1480581  198.6156 
 .1501269  200.1922 
 .1522  201.7313 
 .15436  203.2725 
 .1563165  204.6564 
 .1584016  206.1476 
 .1605339  207.6446 
 .1625867  209.0477 
 .1646428  210.4659 
 .1665782  211.7784 
 .1685164  213.0295 
 .1704584  214.2569 
 .1723618  215.5097 
 .1743539  216.8141 
 .1762655  218.0062 
 .1782226  219.2062 
 .1801836  220.4213 
 .1821485  221.645 
 .1841172  222.8576 
 .1860476  223.9703 
 .188024  225.1123 
 .1900476  226.2936 
 .1919886  227.4282 
 .1939777  228.5358 
 .1959698  229.6161 
 .197966  230.7176 
 .1999661  231.83 
 .2019702  232.8879 
 .2039793  233.9159 
 .2059915  234.9724 
 .2080078  236.0332 
 .2100281  237.0882 
 .2120083  238.075 
 .214082  239.0882 
 .2160702  240.0615 
 .218107  241.0853 
 .2201478  242.0546 
 .2221929  242.992 
 .224243  243.9756 
 .2263852  244.9874 
 .2283541  245.8932 
 .230506  246.8168 
 .2325273  247.7076 
 .2345535  248.6701 
 .2366736  249.5685 
 .238662  250.3784 
 .2408362  251.2394 
 .242924  252.0491 
 .2447888  252.7636 
 .2467944  253.5532 
 .2486664  254.2513 
 .2506788  254.9734 
 .2529254  255.7724 
 .2545332  256.3622 
 .2566037  257.1147 
 .2585404  257.8212 
 .2605265  258.5491 
 .2624709  259.2591 
 .2644191  260.0017 
 .2665101  260.7648 
 .268513  261.5193 
 .2704262  262.2572 
 .2724359  262.9602 
 .2744037  263.6666 
 .2763753  264.3203 
 .2784443  265.0196 
 .2803766  265.7238 
 .2824074  266.4468 
 .2843474  267.0662 
 .2863863  267.6985 
 .2884285  268.3525 
 .2904279  269.0119 
 .2924314  269.6993 
 .294391  270.3152 
 .2964496  270.9239 
 .2985615  271.5824 
 .3005331  272.2263 
 .3026044  272.8553 
 .304584  273.4177 
 .3066646  274.0432 
 .308846  274.7194 
 .310838  275.3 
 .3128828  275.8794 
 .3149809  276.449 
 .3169852  276.9929 
 .31914  277.574 
 .3212019  278.0976 
 .3232187  278.6134 
 .3251901  279.1085 
 .3270662  279.5871 
 .3291942  280.1578 
 .3310778  280.6085 
 .3330159  281.0728 
 .3349568  281.5344 
 .3369514  282.018 
 .3389  282.5148 
 .340802  282.9698 
 .342759  283.4532 
 .3447694  283.9389 
 .3466826  284.4036 
 .3488021  284.9282 
 .3508247  285.3739 
 .3526986  285.7908 
 .3547302  286.2585 
 .3568158  286.7346 
 .358701  287.165 
 .3607437  287.6118 
 .3626375  288.038 
 .3646882  288.504 
 .3667431  288.9457 
 .3687506  289.3931 
 .3707621  289.8294 
 .3727777  290.2896 
 .3748504  290.7325 
 .3768742  291.1286 
 .3789022  291.5548 
 .3808819  291.9805 
 .3829704  292.4142 
 .3850644  292.8192 
 .3871617  293.22 
 .3892106  293.6061 
 .3913166  293.9972 
 .393427  294.3886 
 .3954889  294.7619 
 .397555  295.1324 
 .3996797  295.4911 
 .4016477  295.8308 
 .4037265  296.1935 
 .4057035  296.5632 
 .4076296  296.8998 
 .4096143  297.2067 
 .4114412  297.483 
 .4134335  297.8209 
 .4153745  298.1843 
 .4173205  298.5348 
 .4193235  298.8466 
 .4211682  299.1413 
 .42318  299.5173 
 .4251412  299.8612 
 .4271052  300.1691 
 .429129  300.4765 
 .4311558  300.8248 
 .4331327  301.1578 
 .4351136  301.4678 
 .4370972  301.7791 
 .4390859  302.0883 
 .4410786  302.3914 
 .4430741  302.7074 
 .4450747  303.0004 
 .4470794  303.2946 
 .4490869  303.5938 
 .4512119  303.9394 
 .4531164  304.2197 
 .4552489  304.5241 
 .457274  304.8039 
 .4592467  305.0848 
 .4613356  305.378 
 .4632595  305.6384 
 .4654706  305.937 
 .4674596  306.2133 
 .4694525  306.4854 
 .4716774  306.8123 
 .4737361  307.0661 
 .475798  307.3003 
 .4778652  307.5548 
 .4799367  307.8389 
 .4820114  308.0781 
 .4840336  308.2759 
 .4860017  308.5032 
 .4879155  308.7458 
 .4898329  308.9583 
 .4917553  309.1651 
 .4937387  309.3486 
 .4957249  309.5527 
 .4975997  309.7694 
 .4995359  309.9915 
 .5015348  310.2365 
 .5034786  310.4561 
 .5054854  310.6854 
 .5073774  310.9216 
 .5093327  311.1408 
 .5114109  311.3792 
 .5134934  311.6018 
 .5154606  311.832 
 .5174317  312.0583 
 .5194066  312.2596 
 .5213266  312.4642 
 .5234286  312.6841 
 .5254155  312.891 
 .527347  313.0933 
 .5294023  313.2785 
 .5313403  313.4667 
 .5335256  313.6996 
 .5354716  313.912 
 .5374213  314.1449 
 .5394976  314.3382 
 .5414551  314.5113 
 .5436014  314.7495 
 .5456288  314.9824 
 .5475997  315.1749 
 .5496972  315.3463 
 .5516749  315.5437 
 .5539662  315.7783 
 .5559536  315.9337 
 .5580063  316.0657 
 .5601256  316.2329 
 .5621869  316.4267 
 .5642523  316.5883 
 .5661344  316.6901 
 .5680818  316.8312 
 .570033  317 
 .571926  317.1547 
 .5738848  317.3036 
 .5757851  317.4114 
 .5777514  317.5613 
 .579723  317.7598 
 .581697  317.9224 
 .5836751  318.0488 
 .5855941  318.208 
 .5875798  318.375 
 .5895064  318.5391 
 .5915  318.7112 
 .5934988  318.886 
 .5954355  319.0576 
 .5973772  319.2317 
 .5993865  319.4142 
 .6014012  319.5994 
