0.000017  16.948736
0.000041  14.320348
0.000732  12.923253
0.001274  14.549781
0.001660  17.031600
0.002205  19.768638
0.002717  22.045225
0.003672  24.434115
0.004340  25.979350
0.005415  26.264788
0.006932  26.728064
0.008165  26.940517
0.009495  27.994534
0.010446  29.061396
0.010858  29.694161
0.011748  31.539663
0.012796  33.374635
0.013623  35.281037
0.014575  36.724866
0.015273  37.661153
0.016226  39.488074
0.017368  40.913973
0.018381  41.634116
0.019205  42.556408
0.020251  43.786663
0.021140  45.151951
0.022156  46.828603
0.023140  48.632064
0.024001  51.145223
0.024830  53.720176
0.025531  55.723232
0.025979  57.613128
0.026491  59.944554
0.027066  61.949236
0.027672  64.013064
0.028246  65.757591
0.029040  67.227303
0.029834  68.503383
0.030911  69.499423
0.031956  70.177772
0.033191  71.156584
0.033986  72.931904
0.034719  74.900166
0.035485  77.559946
0.036378  80.203971
0.037143  82.348944
0.037816  85.764500
0.038614  88.214828
0.039347  90.541397
0.040176  92.791486
0.040907  94.354493
0.041859  95.702341
0.043094  96.450445
0.044325  96.191302
0.045651  95.671504
0.047230  95.313801
0.048528  96.238577
0.049386  97.771663
0.050182  99.933652
0.050756  101.493077
0.051364  103.982731
0.051812  105.802228
0.052101  107.514287
0.052548  108.956849
0.052995  110.647332
0.053570  112.569587
0.054271  114.349204
0.054941  116.441051
0.055767  118.074722
0.056467  119.412010
0.057672  120.804297
0.058875  121.573957
0.060172  122.205270
0.061628  122.751721
0.062800  123.828003
0.063879  125.160991
0.064768  126.640287
0.065657  127.993861
0.066642  129.700105
0.067532  131.232267
0.068421  132.761715
0.069596  134.553089
0.070801  135.968286
0.071911  137.149558
0.072896  138.774392
0.073661  141.100457
0.074394  143.001125
0.075192  145.498077
0.075864  148.254629
0.076724  150.307563
0.077331  152.276859
0.077842  154.137834
0.078354  156.057690
0.078990  157.407974
0.079690  158.866981
0.080358  160.208213
0.081499  161.344466
0.082829  162.142785
0.083998  162.060710
0.085103  161.688129
0.086430  161.518767
0.087475  162.060483
0.088584  163.010491
0.089409  164.068159
0.090456  165.264954
0.091218  166.329673
0.092297  167.695517
0.093217  168.967099
0.094168  169.871871
0.095151  170.888515
0.096072  172.212651
0.096771  173.456007
0.097502  174.691558
0.098264  175.859874
0.099185  177.234378
0.100075  178.671542
0.100932  179.755979
0.102009  180.677430
0.103088  181.774293
0.104038  182.360662
0.105052  183.169817
0.106319  183.986933
0.107368  185.788598
0.108163  187.341827
0.109052  188.579201
0.109943  190.519934
0.110645  192.554544
0.111440  194.155586
0.112078  195.786625
0.113032  197.701465
0.113985  199.202357
0.114747  200.155090
0.115665  200.604928
0.116993  200.557819
0.118224  200.063980
0.119486  199.447752
0.120752  199.763801
0.121797  200.590289
0.122752  202.422217
0.123676  204.721251
0.124537  207.145574
0.125017  208.954001
0.125528  210.464145
0.126228  211.988307
0.127246  213.728312
0.128038  214.475096
0.129082  214.586361
0.130123  214.005513
0.131038  213.454109
0.132115  214.018482
0.132972  215.033622
0.133831  216.735948
0.134500  218.478696
0.135044  220.420225
0.135808  222.078791
0.136541  223.742123
0.137368  225.151587
0.138192  225.929798
0.139237  226.368442
0.140533  226.517609
0.141639  226.255359
0.142686  227.488118
0.143576  228.869675
0.144149  229.926833
0.144817  231.414175
0.145518  232.834937
0.145997  234.364581
0.146633  235.343564
0.147364  236.580950
0.148348  237.810247
0.149077  238.421395
0.149901  238.951386
0.150818  239.117917
0.151989  239.559083
0.153160  239.886211
0.154300  240.388963
0.155313  240.641070
0.156675  241.478446
0.157721  242.393044
0.158864  243.729371
0.159755  245.406687
0.160645  246.969012
0.161471  248.153826
0.162171  249.425118
0.163091  250.413739
0.163790  251.402555
0.164458  252.620888
0.165253  253.748353
0.166048  255.207580
0.166716  256.420242
0.167321  257.537041
0.168116  258.878850
0.169035  259.685258
0.169794  259.757392
0.170773  259.271520
0.171623  258.322910
0.172599  257.120888
0.173485  257.270543
0.174439  258.725844
0.174824  260.387224
0.175398  261.885525
0.175846  263.361486
0.176516  265.160408
0.177027  266.670701
0.177506  268.188084
0.178521  268.894872
0.179246  268.253116
0.179905  266.971732
0.180722  265.429268
0.181509  264.609450
0.182268  264.565125
0.183252  265.771373
0.183891  267.617402
0.184338  268.913654
0.185008  270.419386
0.185676  271.650407
0.186407  272.752830
0.187262  273.055709
0.188273  272.932500
0.189193  273.596499
0.190019  274.720240
0.190847  276.492595
0.191453  278.108948
0.192344  279.640755
0.192852  280.360144
0.193709  281.085630
0.194720  281.061316
0.195666  280.137805
0.196485  279.252415
0.197367  278.403850
0.198221  278.426863
0.199205  279.542505
0.200222  280.861296
0.201082  282.760124
0.201782  284.058376
0.202418  284.890913
0.203212  285.943388
0.203942  286.798702
0.204861  287.382260
0.205939  288.184591
0.206764  288.793505
0.207588  289.401220
0.208381  290.123923
0.209299  290.487724
0.210119  289.762226
0.211221  288.580869
0.211944  287.355166
0.213177  287.201069
0.214068  288.633531
0.214866  290.885739
0.215411  292.840477
0.215861  294.821873
0.216118  296.013714
0.216408  297.565164
0.216919  298.888766
0.217586  299.898115
0.218504  300.089023
0.219417  298.803863
0.219887  297.762207
0.220802  297.059407
0.221659  297.901709
0.222327  299.116216
0.222870  300.525576
0.223442  301.503702
0.224268  302.558885
0.224962  302.079824
0.225936  300.308501
0.226469  298.886310
0.227415  298.071032
0.228207  298.506855
0.228750  300.064061
0.229198  301.440132
0.229675  302.231473
0.230465  302.141378
0.230901  300.388615
0.231117  298.705586
0.231178  298.061116
