#25 deg C 
0.0  1086.4864864864865 
0.011445783132530122  1248.6486486486488 
0.03132530120481928  1318.918918918919 
0.05180722891566265  1362.162162162162 
0.07108433734939759  1394.5945945945946 
0.09156626506024097  1421.6216216216217 
0.11204819277108434  1443.2432432432433 
0.13253012048192772  1464.8648648648648 
0.15180722891566267  1481.081081081081 
0.17228915662650604  1497.2972972972973 
0.1921686746987952  1513.5135135135135 
0.21204819277108436  1529.7297297297298 
0.2319277108433735  1540.5405405405406 
0.25180722891566265  1551.3513513513512
