0.0015209125475285172  57.636887608069166
0.0030418250950570345  115.27377521613833
0.005323193916349811  253.60230547550432
0.009885931558935362  553.314121037464
0.010646387832699621  691.64265129683
0.013688212927756654  904.8991354466859
0.015209125475285171  1072.0461095100864
0.01673003802281369  1187.3198847262247
0.019771863117870724  1314.121037463977
0.022813688212927757  1348.7031700288185
0.028136882129277566  1337.1757925072045
0.03193916349809886  1337.1757925072045
0.0349809885931559  1360.2305475504322
0.03954372623574145  1360.2305475504322
0.044106463878327  1371.7579250720462
0.05247148288973384  1383.28530259366
0.057794676806083654  1394.8126801152737
0.06311787072243347  1400.5763688760808
0.06844106463878327  1406.3400576368877
0.0714828897338403  1412.1037463976945
0.07984790874524715  1412.1037463976945
0.08365019011406843  1417.8674351585014
0.08897338403041825  1429.3948126801154
0.0973384030418251  1440.922190201729
0.10494296577946768  1452.4495677233429
0.11102661596958176  1452.4495677233429
0.11787072243346007  1446.685878962536
0.12319391634980988  1446.685878962536
0.13079847908745246  1452.4495677233429
0.1429657794676806  1452.4495677233429
0.15361216730038024  1463.9769452449568
0.1596958174904943  1463.9769452449568
0.16730038022813687  1463.9769452449568
0.17718631178707225  1475.5043227665706
0.1855513307984791  1463.9769452449568
0.1893536121673004  1458.21325648415
0.1946768060836502  1475.5043227665706
0.2  1469.7406340057637
0.20684410646387835  1463.9769452449568
0.21596958174904946  1463.9769452449568
