0.002692307692307692  162.35294117647058
0.005384615384615384  832.9411764705883
0.009423076923076923  1214.1176470588234
0.010769230769230769  1327.0588235294117
0.013461538461538462  1341.1764705882354
0.018846153846153846  1320.0
0.025576923076923073  1355.2941176470588
0.03365384615384615  1355.2941176470588
0.03634615384615384  1362.3529411764705
0.043076923076923075  1355.2941176470588
0.05115384615384615  1369.4117647058824
0.059230769230769226  1341.1764705882354
0.06999999999999999  1369.4117647058824
0.07673076923076923  1369.4117647058824
0.08480769230769229  1383.5294117647059
0.09423076923076923  1376.4705882352941
0.10096153846153846  1383.5294117647059
0.10499999999999998  1397.6470588235295
0.11307692307692307  1397.6470588235295
0.1225  1411.764705882353
0.13192307692307692  1425.8823529411766
0.14538461538461536  1440.0
0.15615384615384614  1447.0588235294117
0.1642307692307692  1454.1176470588234
0.175  1468.235294117647
0.18307692307692305  1475.2941176470588
0.19384615384615383  1482.3529411764705
0.2046153846153846  1489.4117647058824
0.21807692307692306  1496.4705882352941
0.23153846153846153  1503.5294117647059
0.245  1510.5882352941176
0.25576923076923075  1510.5882352941176
0.2692307692307692  1510.5882352941176
0.27999999999999997  1510.5882352941176
