0.0007662835249042146  76.96793002915452
0.004597701149425288  160.932944606414
0.005363984674329502  244.89795918367346
0.006896551724137931  321.865889212828
0.007662835249042145  398.8338192419825
0.008429118773946361  482.79883381924196
0.008429118773946361  559.7667638483965
0.009195402298850576  636.734693877551
0.009195402298850576  720.6997084548105
0.00996168582375479  804.66472303207
0.010727969348659005  881.6326530612245
0.011494252873563218  958.600583090379
0.012260536398467433  1042.5655976676385
0.013793103448275862  1126.530612244898
0.014559386973180077  1203.4985422740524
0.016091954022988506  1280.466472303207
0.017624521072796936  1364.4314868804665
0.019157088122605363  1441.399416909621
0.022222222222222227  1511.3702623906706
0.02988505747126437  1546.3556851311953
0.036781609195402305  1560.3498542274053
0.04367816091954023  1574.3440233236151
0.052107279693486594  1588.338192419825
0.06053639846743295  1602.332361516035
0.06743295019157089  1602.332361516035
0.07586206896551724  1609.32944606414
0.08735632183908046  1616.3265306122448
0.09578544061302682  1623.3236151603498
0.10268199233716475  1623.3236151603498
0.11417624521072797  1616.3265306122448
0.12490421455938698  1623.3236151603498
0.13486590038314178  1630.3206997084549
0.14329501915708812  1630.3206997084549
0.1509578544061303  1637.3177842565597
0.16015325670498087  1637.3177842565597
0.16934865900383142  1644.3148688046647
0.17547892720306515  1644.3148688046647
0.18237547892720307  1644.3148688046647
0.18850574712643678  1644.3148688046647
0.19770114942528735  1644.3148688046647
0.21226053639846745  1651.3119533527697
