0.006456241032998565  1356.9620253164558
0.01649928263988522  1363.7130801687763
0.03299856527977044  1383.9662447257383
0.04770444763271162  1394.0928270042193
0.06599713055954089  1410.970464135021
0.07962697274031563  1417.7215189873418
0.09397417503586801  1417.7215189873418
0.10688665710186514  1424.4725738396623
0.12410329985652797  1431.223628691983
0.13809182209469154  1431.223628691983
0.15064562410329985  1434.5991561181434
0.16714490674318508  1431.223628691983
0.1832855093256815  1434.5991561181434
0.19655667144906744  1437.9746835443038
0.21018651362984217  1437.9746835443038
0.22058823529411764  1431.223628691983
0.22812051649928264  1427.8481012658228
