#from Woei-Shyan Lee, mat sci and eng A241 (1998) 48--59 
#t.s., MPa
#0  , 0    = 230,712
#0.4, 1800 = 894,46
#2,000/s

#25 deg C
0.0  1086.4864864864865
0.011445783132530122  1248.6486486486488
0.03132530120481928  1318.918918918919
0.05180722891566265  1362.162162162162
0.07108433734939759  1394.5945945945946
0.09156626506024097  1421.6216216216217
0.11204819277108434  1443.2432432432433
0.13253012048192772  1464.8648648648648
0.15180722891566267  1481.081081081081
0.17228915662650604  1497.2972972972973
0.1921686746987952  1513.5135135135135
0.21204819277108436  1529.7297297297298
0.2319277108433735  1540.5405405405406
0.25180722891566265  1551.3513513513512

#300 deg C
0.0  937.8378378378378
0.012048192771084338  1054.054054054054
0.03132530120481928  1102.7027027027027
0.05180722891566265  1132.4324324324325
0.07228915662650602  1156.7567567567567
0.09156626506024097  1172.972972972973
0.11204819277108434  1186.4864864864865
0.13132530120481928  1200.0
0.15180722891566267  1210.8108108108108
0.17228915662650604  1221.6216216216217
0.1921686746987952  1232.4324324324325
0.21204819277108436  1243.2432432432433
0.2313253012048193  1251.3513513513512

#500 deg C
0.0  800.0
0.012048192771084338  918.918918918919
0.03132530120481928  962.1621621621622
0.05180722891566265  986.4864864864865
0.07228915662650602  1005.4054054054054
0.09156626506024097  1021.6216216216217
0.11204819277108434  1032.4324324324325
0.1319277108433735  1043.2432432432433
0.15180722891566267  1054.054054054054
0.17228915662650604  1059.4594594594594
0.1921686746987952  1067.5675675675675
0.21204819277108436  1078.3783783783783
0.2319277108433735  1086.4864864864865
0.25180722891566265  1091.8918918918919
0.27228915662650605  1097.2972972972973

#700 deg C
0.0  659.4594594594595
0.012048192771084338  751.3513513513514
0.03132530120481928  783.7837837837837
0.05180722891566265  805.4054054054054
0.07228915662650602  821.6216216216217
0.09216867469879518  832.4324324324324
0.11204819277108434  843.2432432432432
0.13253012048192772  854.0540540540541
0.15180722891566267  859.4594594594595
0.17228915662650604  870.2702702702703
0.1921686746987952  875.6756756756756
0.21204819277108436  881.081081081081
0.23253012048192773  886.4864864864865

#900 deg C
0.0  518.918918918919
0.012048192771084338  594.5945945945946
0.03132530120481928  621.6216216216217
0.05180722891566265  637.8378378378378
0.07228915662650602  648.6486486486486
0.09216867469879518  659.4594594594595
0.11204819277108434  664.8648648648649
0.13253012048192772  675.6756756756756
0.15240963855421688  681.081081081081
0.17228915662650604  686.4864864864865
0.1927710843373494  689.1891891891892
0.21204819277108436  691.8918918918919
0.23253012048192773  697.2972972972973

#1100 deg C
0.0  370.27027027027026
0.012048192771084338  432.43243243243245
0.0319277108433735  459.4594594594595
0.05180722891566265  470.27027027027026
0.07228915662650602  481.0810810810811
0.09156626506024097  486.4864864864865
0.11204819277108434  494.5945945945946
0.13253012048192772  500.0
0.1530120481927711  505.4054054054054
0.17228915662650604  510.81081081081084
0.1927710843373494  513.5135135135135
0.21204819277108436  518.918918918919
0.23253012048192773  521.6216216216217
0.25301204819277107  524.3243243243244
